F. Lemarchand (2013)
1 2 3 0 0 = columns for wave, Re(n), Im(n), eps1, eps2
Lambda  Re(N)   Im(N)
0.250	1.517462 1e-8
0.255	1.515228 1e-8
0.260	1.513136 1e-8
0.265	1.511173 1e-8
0.270	1.509329 1e-8
0.275	1.507595 1e-8
0.280	1.505961 1e-8
0.285	1.504421 1e-8
0.290	1.502966 1e-8
0.295	1.501590 1e-8
0.300	1.500288 1e-8
0.305	1.499055 1e-8
0.310	1.497885 1e-8
0.315	1.496774 1e-8
0.320	1.495719 1e-8
0.325	1.494715 1e-8
0.330	1.493759 1e-8
0.335	1.492849 1e-8
0.340	1.491981 1e-8
0.345	1.491152 1e-8
0.350	1.490361 1e-8
0.355	1.489605 1e-8
0.360	1.488882 1e-8
0.365	1.488189 1e-8
0.370	1.487527 1e-8
0.375	1.486891 1e-8
0.380	1.486282 1e-8
0.385	1.485698 1e-8
0.390	1.485137 1e-8
0.395	1.484598 1e-8
0.400	1.484080 1e-8
0.405	1.483582 1e-8
0.410	1.483102 1e-8
0.415	1.482641 1e-8
0.420	1.482197 1e-8
0.425	1.481768 1e-8
0.430	1.481356 1e-8
0.435	1.480958 1e-8
0.440	1.480573 1e-8
0.445	1.480203 1e-8
0.450	1.479844 1e-8
0.455	1.479498 1e-8
0.460	1.479164 1e-8
0.465	1.478841 1e-8
0.470	1.478528 1e-8
0.475	1.478225 1e-8
0.480	1.477932 1e-8
0.485	1.477649 1e-8
0.490	1.477374 1e-8
0.495	1.477107 1e-8
0.500	1.476849 1e-8
0.505	1.476599 1e-8
0.510	1.476356 1e-8
0.515	1.476121 1e-8
0.520	1.475892 1e-8
0.525	1.475670 1e-8
0.530	1.475455 1e-8
0.535	1.475245 1e-8
0.540	1.475042 1e-8
0.545	1.474844 1e-8
0.550	1.474652 1e-8
0.555	1.474464 1e-8
0.560	1.474283 1e-8
0.565	1.474106 1e-8
0.570	1.473933 1e-8
0.575	1.473766 1e-8
0.580	1.473602 1e-8
0.585	1.473443 1e-8
0.590	1.473288 1e-8
0.595	1.473137 1e-8
0.600	1.472990 1e-8
0.605	1.472847 1e-8
0.610	1.472707 1e-8
0.615	1.472570 1e-8
0.620	1.472437 1e-8
0.625	1.472307 1e-8
0.630	1.472181 1e-8
0.635	1.472057 1e-8
0.640	1.471936 1e-8
0.645	1.471818 1e-8
0.650	1.471703 1e-8
0.655	1.471591 1e-8
0.660	1.471481 1e-8
0.665	1.471373 1e-8
0.670	1.471268 1e-8
0.675	1.471166 1e-8
0.680	1.471065 1e-8
0.685	1.470967 1e-8
0.690	1.470871 1e-8
0.695	1.470778 1e-8
0.700	1.470686 1e-8
0.705	1.470596 1e-8
0.710	1.470508 1e-8
0.715	1.470422 1e-8
0.720	1.470338 1e-8
0.725	1.470255 1e-8
0.730	1.470174 1e-8
0.735	1.470095 1e-8
0.740	1.470018 1e-8
0.745	1.469942 1e-8
0.750	1.469867 1e-8
0.755	1.469794 1e-8
0.760	1.469723 1e-8
0.765	1.469653 1e-8
0.770	1.469584 1e-8
0.775	1.469517 1e-8
0.780	1.469451 1e-8
0.785	1.469386 1e-8
0.790	1.469323 1e-8
0.795	1.469260 1e-8
0.800	1.469199 1e-8
0.805	1.469139 1e-8
0.810	1.469080 1e-8
0.815	1.469023 1e-8
0.820	1.468966 1e-8
0.825	1.468910 1e-8
0.830	1.468855 1e-8
0.835	1.468802 1e-8
0.840	1.468749 1e-8
0.845	1.468697 1e-8
0.850	1.468646 1e-8
0.855	1.468597 1e-8
0.860	1.468547 1e-8
0.865	1.468499 1e-8
0.870	1.468452 1e-8
0.875	1.468405 1e-8
0.880	1.468360 1e-8
0.885	1.468315 1e-8
0.890	1.468270 1e-8
0.895	1.468227 1e-8
0.900	1.468184 1e-8
0.905	1.468142 1e-8
0.910	1.468101 1e-8
0.915	1.468060 1e-8
0.920	1.468020 1e-8
0.925	1.467981 1e-8
0.930	1.467942 1e-8
0.935	1.467904 1e-8
0.940	1.467866 1e-8
0.945	1.467830 1e-8
0.950	1.467793 1e-8
0.955	1.467758 1e-8
0.960	1.467722 1e-8
0.965	1.467688 1e-8
0.970	1.467654 1e-8
0.975	1.467620 1e-8
0.980	1.467587 1e-8
0.985	1.467555 1e-8
0.990	1.467523 1e-8
0.995	1.467491 1e-8
1.000	1.467460 1e-8
1.005	1.467429 1e-8
1.010	1.467399 1e-8
1.015	1.467369 1e-8
1.020	1.467340 1e-8
1.025	1.467311 1e-8
1.030	1.467283 1e-8
1.035	1.467255 1e-8
1.040	1.467227 1e-8
1.045	1.467200 1e-8
1.050	1.467173 1e-8
1.055	1.467147 1e-8
1.060	1.467121 1e-8
1.065	1.467095 1e-8
1.070	1.467070 1e-8
1.075	1.467045 1e-8
1.080	1.467020 1e-8
1.085	1.466996 1e-8
1.090	1.466972 1e-8
1.095	1.466949 1e-8
1.100	1.466925 1e-8
1.105	1.466902 1e-8
1.110	1.466880 1e-8
1.115	1.466857 1e-8
1.120	1.466835 1e-8
1.125	1.466813 1e-8
1.130	1.466792 1e-8
1.135	1.466771 1e-8
1.140	1.466750 1e-8
1.145	1.466729 1e-8
1.150	1.466709 1e-8
1.155	1.466689 1e-8
1.160	1.466669 1e-8
1.165	1.466649 1e-8
1.170	1.466630 1e-8
1.175	1.466611 1e-8
1.180	1.466592 1e-8
1.185	1.466574 1e-8
1.190	1.466555 1e-8
1.195	1.466537 1e-8
1.200	1.466519 1e-8
1.205	1.466502 1e-8
1.210	1.466484 1e-8
1.215	1.466467 1e-8
1.220	1.466450 1e-8
1.225	1.466433 1e-8
1.230	1.466416 1e-8
1.235	1.466400 1e-8
1.240	1.466384 1e-8
1.245	1.466368 1e-8
1.250	1.466352 1e-8
1.255	1.466336 1e-8
1.260	1.466321 1e-8
1.265	1.466306 1e-8
1.270	1.466290 1e-8
1.275	1.466276 1e-8
1.280	1.466261 1e-8
1.285	1.466246 1e-8
1.290	1.466232 1e-8
1.295	1.466218 1e-8
1.300	1.466204 1e-8
1.305	1.466190 1e-8
1.310	1.466176 1e-8
1.315	1.466162 1e-8
1.320	1.466149 1e-8
1.325	1.466136 1e-8
1.330	1.466123 1e-8
1.335	1.466110 1e-8
1.340	1.466097 1e-8
1.345	1.466084 1e-8
1.350	1.466071 1e-8
1.355	1.466059 1e-8
1.360	1.466047 1e-8
1.365	1.466035 1e-8
1.370	1.466023 1e-8
1.375	1.466011 1e-8
1.380	1.465999 1e-8
1.385	1.465987 1e-8
1.390	1.465976 1e-8
1.395	1.465965 1e-8
1.400	1.465953 1e-8
1.405	1.465942 1e-8
1.410	1.465931 1e-8
1.415	1.465920 1e-8
1.420	1.465910 1e-8
1.425	1.465899 1e-8
1.430	1.465888 1e-8
1.435	1.465878 1e-8
1.440	1.465868 1e-8
1.445	1.465857 1e-8
1.450	1.465847 1e-8
1.455	1.465837 1e-8
1.460	1.465827 1e-8
1.465	1.465818 1e-8
1.470	1.465808 1e-8
1.475	1.465798 1e-8
1.480	1.465789 1e-8
1.485	1.465779 1e-8
1.490	1.465770 1e-8
1.495	1.465761 1e-8
1.500	1.465752 1e-8
1.505	1.465743 1e-8
1.510	1.465734 1e-8
1.515	1.465725 1e-8
1.520	1.465716 1e-8
1.525	1.465707 1e-8
1.530	1.465699 1e-8
1.535	1.465690 1e-8
1.540	1.465682 1e-8
1.545	1.465673 1e-8
1.550	1.465665 1e-8
1.555	1.465657 1e-8
1.560	1.465649 1e-8
1.565	1.465641 1e-8
1.570	1.465633 1e-8
1.575	1.465625 1e-8
1.580	1.465617 1e-8
1.585	1.465609 1e-8
1.590	1.465602 1e-8
1.595	1.465594 1e-8
1.600	1.465587 1e-8
1.605	1.465579 1e-8
1.610	1.465572 1e-8
1.615	1.465564 1e-8
1.620	1.465557 1e-8
1.625	1.465550 1e-8
1.630	1.465543 1e-8
1.635	1.465536 1e-8
1.640	1.465529 1e-8
1.645	1.465522 1e-8
1.650	1.465515 1e-8
1.655	1.465508 1e-8
1.660	1.465502 1e-8
1.665	1.465495 1e-8
1.670	1.465488 1e-8
1.675	1.465482 1e-8
1.680	1.465475 1e-8
1.685	1.465469 1e-8
1.690	1.465462 1e-8
1.695	1.465456 1e-8
1.700	1.465450 1e-8
1.705	1.465444 1e-8
1.710	1.465438 1e-8
1.715	1.465431 1e-8
1.720	1.465425 1e-8
1.725	1.465419 1e-8
1.730	1.465413 1e-8
1.735	1.465408 1e-8
1.740	1.465402 1e-8
1.745	1.465396 1e-8
1.750	1.465390 1e-8
1.755	1.465385 1e-8
1.760	1.465379 1e-8
1.765	1.465373 1e-8
1.770	1.465368 1e-8
1.775	1.465362 1e-8
1.780	1.465357 1e-8
1.785	1.465351 1e-8
1.790	1.465346 1e-8
1.795	1.465341 1e-8
1.800	1.465335 1e-8
1.805	1.465330 1e-8
1.810	1.465325 1e-8
1.815	1.465320 1e-8
1.820	1.465315 1e-8
1.825	1.465310 1e-8
1.830	1.465305 1e-8
1.835	1.465300 1e-8
1.840	1.465295 1e-8
1.845	1.465290 1e-8
1.850	1.465285 1e-8
1.855	1.465280 1e-8
1.860	1.465275 1e-8
1.865	1.465271 1e-8
1.870	1.465266 1e-8
1.875	1.465261 1e-8
1.880	1.465257 1e-8
1.885	1.465252 1e-8
1.890	1.465248 1e-8
1.895	1.465243 1e-8
1.900	1.465239 1e-8
1.905	1.465234 1e-8
1.910	1.465230 1e-8
1.915	1.465225 1e-8
1.920	1.465221 1e-8
1.925	1.465217 1e-8
1.930	1.465212 1e-8
1.935	1.465208 1e-8
1.940	1.465204 1e-8
1.945	1.465200 1e-8
1.950	1.465196 1e-8
1.955	1.465192 1e-8
1.960	1.465187 1e-8
1.965	1.465183 1e-8
1.970	1.465179 1e-8
1.975	1.465175 1e-8
1.980	1.465171 1e-8
1.985	1.465167 1e-8
1.990	1.465164 1e-8
1.995	1.465160 1e-8
2.000	1.465156 1e-8
2.005	1.465152 1e-8
2.010	1.465148 1e-8
2.015	1.465145 1e-8
2.020	1.465141 1e-8
2.025	1.465137 1e-8
2.030	1.465133 1e-8
2.035	1.465130 1e-8
2.040	1.465126 1e-8
2.045	1.465123 1e-8
2.050	1.465119 1e-8
2.055	1.465115 1e-8
2.060	1.465112 1e-8
2.065	1.465108 1e-8
2.070	1.465105 1e-8
2.075	1.465102 1e-8
2.080	1.465098 1e-8
2.085	1.465095 1e-8
2.090	1.465091 1e-8
2.095	1.465088 1e-8
2.100	1.465085 1e-8
2.105	1.465081 1e-8
2.110	1.465078 1e-8
2.115	1.465075 1e-8
2.120	1.465072 1e-8
2.125	1.465069 1e-8
2.130	1.465065 1e-8
2.135	1.465062 1e-8
2.140	1.465059 1e-8
2.145	1.465056 1e-8
2.150	1.465053 1e-8
2.155	1.465050 1e-8
2.160	1.465047 1e-8
2.165	1.465044 1e-8
2.170	1.465041 1e-8
2.175	1.465038 1e-8
2.180	1.465035 1e-8
2.185	1.465032 1e-8
2.190	1.465029 1e-8
2.195	1.465026 1e-8
2.200	1.465023 1e-8
2.205	1.465020 1e-8
2.210	1.465017 1e-8
2.215	1.465015 1e-8
2.220	1.465012 1e-8
2.225	1.465009 1e-8
2.230	1.465006 1e-8
2.235	1.465003 1e-8
2.240	1.465001 1e-8
2.245	1.464998 1e-8
2.250	1.464995 1e-8
2.255	1.464993 1e-8
2.260	1.464990 1e-8
2.265	1.464987 1e-8
2.270	1.464985 1e-8
2.275	1.464982 1e-8
2.280	1.464980 1e-8
2.285	1.464977 1e-8
2.290	1.464974 1e-8
2.295	1.464972 1e-8
2.300	1.464969 1e-8
2.305	1.464967 1e-8
2.310	1.464964 1e-8
2.315	1.464962 1e-8
2.320	1.464959 1e-8
2.325	1.464957 1e-8
2.330	1.464955 1e-8
2.335	1.464952 1e-8
2.340	1.464950 1e-8
2.345	1.464947 1e-8
2.350	1.464945 1e-8
2.355	1.464943 1e-8
2.360	1.464940 1e-8
2.365	1.464938 1e-8
2.370	1.464936 1e-8
2.375	1.464933 1e-8
2.380	1.464931 1e-8
2.385	1.464929 1e-8
2.390	1.464927 1e-8
2.395	1.464924 1e-8
2.400	1.464922 1e-8
2.405	1.464920 1e-8
2.410	1.464918 1e-8
2.415	1.464916 1e-8
2.420	1.464913 1e-8
2.425	1.464911 1e-8
2.430	1.464909 1e-8
2.435	1.464907 1e-8
2.440	1.464905 1e-8
2.445	1.464903 1e-8
2.450	1.464901 1e-8
2.455	1.464899 1e-8
2.460	1.464897 1e-8
2.465	1.464895 1e-8
2.470	1.464892 1e-8
2.475	1.464890 1e-8
2.480	1.464888 1e-8
2.485	1.464886 1e-8
2.490	1.464884 1e-8
2.495	1.464882 1e-8
2.500	1.464881 1e-8
